========== Network Info ==========
Network with 3 backends (all_to_all)
Network Coupling (edges with fidelities):
  Backend 0 <-> Backend 1: Fidelity = 0.9465
  Backend 0 <-> Backend 2: Fidelity = 0.9204
  Backend 1 <-> Backend 2: Fidelity = 0.9156
Hop weight: 0.31608154697347884
Fidelity range: [0.9, 0.95]
Backend sizes: [30, 30, 30]
Backend Coupling Maps:
  Backend 0 (ibm_torino): Coupling Map = [[0, 1], [0, 9], [1, 0], [1, 2], [2, 1], [2, 3], [3, 2], [3, 4], [4, 3], [4, 5], [5, 4], [5, 6], [6, 5], [6, 7], [7, 6], [7, 8], [8, 7], [8, 10], [9, 0], [9, 12], [10, 8], [10, 19], [11, 12], [12, 9], [12, 11], [13, 14], [13, 20], [14, 13], [14, 15], [15, 14], [15, 16], [16, 15], [16, 17], [17, 16], [17, 18], [18, 17], [18, 19], [19, 10], [19, 18], [20, 13], [20, 23], [21, 22], [21, 24], [22, 21], [22, 23], [23, 20], [23, 22], [24, 21], [24, 27], [25, 26], [25, 28], [26, 25], [26, 27], [27, 24], [27, 26], [28, 25], [28, 29], [29, 28]]
  Backend 1 (ibm_torino): Coupling Map = [[0, 1], [0, 9], [1, 0], [1, 2], [2, 1], [2, 3], [3, 2], [3, 4], [4, 3], [4, 5], [5, 4], [5, 6], [6, 5], [6, 7], [7, 6], [7, 8], [8, 7], [8, 10], [9, 0], [9, 12], [10, 8], [10, 19], [11, 12], [12, 9], [12, 11], [13, 14], [13, 20], [14, 13], [14, 15], [15, 14], [15, 16], [16, 15], [16, 17], [17, 16], [17, 18], [18, 17], [18, 19], [19, 10], [19, 18], [20, 13], [20, 23], [21, 22], [21, 24], [22, 21], [22, 23], [23, 20], [23, 22], [24, 21], [24, 27], [25, 26], [25, 28], [26, 25], [26, 27], [27, 24], [27, 26], [28, 25], [28, 29], [29, 28]]
  Backend 2 (ibm_torino): Coupling Map = [[0, 1], [0, 9], [1, 0], [1, 2], [2, 1], [2, 3], [3, 2], [3, 4], [4, 3], [4, 5], [5, 4], [5, 6], [6, 5], [6, 7], [7, 6], [7, 8], [8, 7], [8, 10], [9, 0], [9, 12], [10, 8], [10, 19], [11, 12], [12, 9], [12, 11], [13, 14], [13, 20], [14, 13], [14, 15], [15, 14], [15, 16], [16, 15], [16, 17], [17, 16], [17, 18], [18, 17], [18, 19], [19, 10], [19, 18], [20, 13], [20, 23], [21, 22], [21, 24], [22, 21], [22, 23], [23, 20], [23, 22], [24, 21], [24, 27], [25, 26], [25, 28], [26, 25], [26, 27], [27, 24], [27, 26], [28, 25], [28, 29], [29, 28]]
[INFO] QAOA #Qubits: 90
[INFO] QAOA #Depths: 181
[INFO] QAOA #Gates: 4365
[INFO] QAOA #2Q Gates: 4005
[INFO] 3 QPUs: [30, 30, 30]


[INFO] 成功注册编译器: fgproee -> FGPrOEE
[INFO] 成功注册编译器: staticoee -> StaticOEE
[INFO] 成功注册编译器: wbcp -> WBCP
[INFO] 成功注册编译器: navi -> NAVI
[INFO] 成功注册编译器: navihybrid -> NAVIHybrid
Registered compiler IDs: ['staticoee', 'fgproee', 'wbcp', 'navi', 'navihybrid']
Compiler: [Static OEE]
Compiling with [Static OEE]...
✅ 成功保存 1 条映射记录到 JSON 文件：./outputs/QAOA90_net[30, 30, 30]_Static OEE.json
ExecCosts(comms=2700, epairs=2700, rgeo_mean_fid=0.9273770416078019, fidelity=0.0000, loss=210.9161, rhops=2700, rswaps=0, remote_fidelity_loss=195.81569542896446, remote_fidelity_log_sum=-203.56667005620025, remote_fidelity=3.909475494145253e-89, local_fidelity_loss=15.100395978095762, local_fidelity_log_sum=-15.117881309637523, local_fidelity=2.718864531023448e-07, time=0.84), local_gate_num=13038
Compiler: [FGP-rOEE]
Compiling with [FGP-rOEE]...
[INFO] num_depths: 181
