========== Network Info ==========
Network with 2 backends (all_to_all)
Network Coupling (edges with fidelities):
  Backend 0 <-> Backend 1: Fidelity = 0.9000
Hop weight: 0.21072103131565256
Fidelity range: [0.9, 0.9]
Backend sizes: [20, 20]
Backend Coupling Maps:
  Backend 0 (ibm_torino): Coupling Map = [[0, 1], [1, 0], [1, 2], [2, 1], [2, 3], [3, 2], [3, 4], [4, 3], [4, 5], [5, 4], [5, 6], [6, 5], [6, 7], [7, 6], [7, 8], [8, 7], [8, 11], [9, 10], [9, 12], [10, 9], [10, 11], [11, 8], [11, 10], [12, 9], [12, 13], [13, 12], [13, 14], [14, 13], [14, 15], [15, 14], [15, 16], [16, 15], [16, 19], [17, 18], [18, 17], [18, 19], [19, 16], [19, 18]]
  Backend 1 (ibm_torino): Coupling Map = [[0, 1], [1, 0], [1, 2], [2, 1], [2, 3], [3, 2], [3, 4], [4, 3], [4, 5], [5, 4], [5, 6], [6, 5], [6, 7], [7, 6], [7, 8], [8, 7], [8, 11], [9, 10], [9, 12], [10, 9], [10, 11], [11, 8], [11, 10], [12, 9], [12, 13], [13, 12], [13, 14], [14, 13], [14, 15], [15, 14], [15, 16], [16, 15], [16, 19], [17, 18], [18, 17], [18, 19], [19, 16], [19, 18]]
