========== Network Info ==========
Network with 2 backends (all_to_all)
Network Coupling (edges with fidelities):
  Backend 0 <-> Backend 1: Fidelity = 0.9597
Hop weight: 0.12375080743617506
Fidelity range: [0.94, 0.96]
Backend sizes: [35, 35]
Backend Coupling Maps:
  Backend 0 (ibm_torino): Coupling Map = [[0, 1], [1, 0], [1, 2], [2, 1], [2, 3], [3, 2], [3, 4], [4, 3], [4, 5], [5, 4], [5, 6], [6, 5], [6, 7], [7, 6], [7, 8], [8, 7], [8, 9], [9, 8], [9, 10], [10, 9], [10, 11], [11, 10], [11, 12], [12, 11], [12, 13], [13, 12], [13, 14], [14, 13], [14, 15], [15, 14], [15, 16], [16, 15], [16, 17], [17, 16], [17, 20], [18, 19], [18, 21], [19, 18], [19, 20], [20, 17], [20, 19], [21, 18], [21, 25], [22, 23], [23, 22], [23, 24], [24, 23], [24, 28], [25, 21], [25, 26], [26, 25], [26, 27], [27, 26], [27, 29], [28, 24], [28, 30], [29, 27], [29, 34], [30, 28], [30, 31], [31, 30], [31, 32], [32, 31], [32, 33], [33, 32], [33, 34], [34, 29], [34, 33]]
  Backend 1 (ibm_torino): Coupling Map = [[0, 1], [1, 0], [1, 2], [2, 1], [2, 3], [3, 2], [3, 4], [4, 3], [4, 5], [5, 4], [5, 6], [6, 5], [6, 7], [7, 6], [7, 8], [8, 7], [8, 9], [9, 8], [9, 10], [10, 9], [10, 11], [11, 10], [11, 12], [12, 11], [12, 13], [13, 12], [13, 14], [14, 13], [14, 15], [15, 14], [15, 16], [16, 15], [16, 17], [17, 16], [17, 20], [18, 19], [18, 21], [19, 18], [19, 20], [20, 17], [20, 19], [21, 18], [21, 25], [22, 23], [23, 22], [23, 24], [24, 23], [24, 28], [25, 21], [25, 26], [26, 25], [26, 27], [27, 26], [27, 29], [28, 24], [28, 30], [29, 27], [29, 34], [30, 28], [30, 31], [31, 30], [31, 32], [32, 31], [32, 33], [33, 32], [33, 34], [34, 29], [34, 33]]
[INFO] QV #Qubits: 60
[INFO] QV #Depths: 602
[INFO] QV #Gates: 25086
[INFO] QV #2Q Gates: 5337
[INFO] 2 QPUs: [35, 35]


[INFO] 成功注册编译器: fgproee -> FGPrOEE
[INFO] 成功注册编译器: staticoee -> StaticOEE
[INFO] 成功注册编译器: wbcp -> WBCP
[INFO] 成功注册编译器: navi -> NAVI
[INFO] 成功注册编译器: navihybrid -> NAVIHybrid
Registered compiler IDs: ['staticoee', 'fgproee', 'wbcp', 'navi']
Compiler: [Static OEE]
Compiling with [Static OEE]...
